0,1,2,3,4,1,5,6,7,8,7,8,9,10,11,6,12,6,13,10,14,1,15,6,7,16,17,18,14,7,19,6,4,20,21,22,23,6,21,24,23,6,4,25,26,23,27,26,28,10,6,4,29,30,31,26,23,6,31,7,13,6,4,32,26,23,33,6,7,13,32,34,35,36,10,26,37,38,6,26,10,39,38,7,40,33,6,4,20,21,22,41,42,0,26,43,44,19,6,27,45
30,31,19,6,19,6,4,29,27,42,6,29,30,31,7,19,46,47,26,42,48,6,31,7,19,46,49,26,42,48,6,26,10,50,6,4,32,26,42,5,36,10,26,37,38,6,26,10,39,38,7,51,33,6,4,20,27,7,19,52,47,1,5,0,41,53,54,55,6,27,26,56,57,58,6,26,10,50,6,4,32,26,56,8,6,7,59,44,19,32,34,60,6,4,25,27,26,28,10,6,4
20,27,7,8,61,62,63,64,65,66,67,68,69,48,70,71,72,73,22,14,7,8,6,26,10,50,6,7,8,74,75,62,63,64,69,48,70,6,76,66,71,72,73,10,69,48,70,6,4,25,27,26,28,10,36,10,26,37,38,6,26,10,39,38,7,77,33,6,4,20,27,78,79,48,0,26,42,80,81,82,30,83,84,31,1,33,6,31,1,35,6,27,22,48,85,86,6,85,87,88,6
85,89,6,90,6,27,22,48,85,79,0,26,42,80,81,82,23,83,91,14,7,8,6,26,10,50,4,92,29,46,93,94,79,27,94,23,85,95,80,96,6,27,97,23,85,95,80,98,99,7,100,6,4,101,102,0,26,42,80,81,82,23,83,91,14,7,8,6,82,83,103,14,1,33,6,0,1,35,6,82,30,83,84,31,26,23,6,31,7,13,6,4,25,27,26,28,10,36,10,26,37
38,6,26,10,39,38,7,104,33,6,4,20,27,7,19,105,106,41,107,52,108,109,6,26,110,111,49,7,8,0,26,42,80,81,6,4,3,7,94,112,6,113,108,114,115,116,7,19,105,117,69,118,70,6,113,119,110,69,48,70,6,4,25,27,26,28,10,6,4,120,102,121,122,65,6,123,6,124,7,19,0,7,60,6,26,110,125,14,7,8,36,10,26,37,38,6,26,10,39,38,7
126,33,6,4,20,7,8,127,108,109,75,69,118,70,128,6,129,6,130,131,44,8,69,48,70,6,26,10,50,6,4,29,26,130,131,44,8,69,48,70,6,26,128,69,48,70,6,132,26,129,131,80,133,69,48,70,6,4,25,27,26,28,10,6,4,20,134,135,136,84,69,135,137,69,138,139,6,27,22,95,140,141,7,142,44,143,6,141,26,110,80,81,6,141,26,128,6,141,7,144,8
6,141,132,26,129,131,27,14,7,8,145,6,4,3,1,146,69,48,137,69,26,137,52,4,3,34,147,148,6,149,3,34,102,6,4,120,150,6,4,20,85,150,151,65,6,123,6,124,7,8,6,152,118,6,153,95,141,7,142,44,143,6,141,26,110,80,81,6,141,132,26,131,27,14,7,8,145,6,4,20,154,155,156,157,132,26,64,63,158,27,14,7,159,8,160,6,113,66,0,161,64
162,160,26,22,163,85,164,165,166,132,26,131,44,8,6,166,132,26,110,80,81,6,166,132,26,167,131,14,7,8,168,41,108,115,160,156,155,132,26,169,63,85,164,158,6,26,10,50,6,4,25,132,170,34,171,172,6,154,26,10,173,28,36,10,26,37,38,6,26,10,39,38,7,174,33,50,48,175,7,5,6,7,8,6,132,176,177,178,9,4,14,1,179,33,175,172,48,180,27,34,171
172,181,34,182,14,1,179,33,52,132,48,180,27,34,171,172,6,4,181,1,179,33,183,6,184,185,186,34,14,187,182,181,52,132,48,180,161,4,188,172,82,83,189,190,52,1,146,191,48,7,192,80,81,6,44,8,178,22,188,193,194,195,178,7,196,4,7,8,6,1,5,29,6,197,198,80,199,200,34,0,7,8,10,6,132,26,63,80,199,200,26,201,202,7,196,4,172,203,204,205,14
7,8,6,78,10,206,146,38,82,1,207,83,208,165,41,209,10,210,211,7,8,6,212,1,213,207,6,7,196,4,172,1,146,214,211,26,215,44,8,6,0,48,216,217,1,218,80,219,50,24,7,146,85,41,108,115,99,172,7,196,4,41,220,221,0,222,223,26,224,6,34,101,225,1,146,184,34,214,172,6,7,196,4,172,113,66,211,26,226,204,227,228,229,26,230,6,28,85,164,6,1
231,80,219,0,26,43,52,1,220,6,7,231,44,232,80,233,6,80,234,6,41,235,10,236,211,222,82,237,220,83,238,6,24,52,21,239,6,24,85,240,241,7,242,44,40,235,160,243,244,160,26,46,26,159,245,52,246,247,248,26,249,160,6,26,249,52,191,245,160,28,21,160,99,250,6,7,251,252,6,7,242,44,51,235,160,253,244,160,26,46,26,159,245,254,247,6,7,242,44,77,235
160,255,244,160,256,69,26,224,52,257,6,7,104,235,160,258,259,260,7,196,4,1,146,6,261,147,0,1,220,52,222,82,184,83,208,6,184,83,262,6,7,196,4,263,1,146,121,52,197,231,264,265,266,267,268,269,165,52,1,231,44,232,80,233,6,80,234,270,266,267,203,269,202,194,195,178,267,270,271,266,267,1,272,273,99,172,7,196,4,274,26,160,203,28,27,7,146,275,22,155,276
147,41,277,84,46,178,223,147,141,22,202,178,7,196,4,211,7,8,132,26,131,80,199,6,132,26,110,80,81,171,172,259,74,34,46,85,278,82,83,279,280,34,102,281,282,6,259,178,278,113,108,115,281,283,27,282,118,242,48,259,172,278,284,7,285,52,132,26,128,6,52,26,110,80,81,6,52,132,26,131,80,199,165,229,1,146,286,34,206,277,46,178,223,147,141,287,36,288,7,196,4
41,289,290,14,278,291,6,34,292,6,34,260,41,52,48,293,6,294,295,53,296,297,298,6,7,196,4,299,7,300,46,34,52,278,301,172,85,41,149,6,34,74,118,85,278,36,20,278,244,160,302,303,52,304,305,6,298,52,304,298,306,276,118,307,308,186,22,211,1,148,301,160,309,276,7,148,48,310,6,48,311,312,6,48,149,313,6,22,314,85,41,298,48,6,22,315,316,317,278,6,48
149,6,22,318,319,203,7,320,9,10,321,92,132,26,131,80,199,161,7,196,4,171,172,6,22,20,85,7,149,160,26,99,27,4,322,181,323,266,203,269,52,197,231,264,265,6,7,149,20,85,7,320,52,7,68,44,324,264,265,314,325,269,165,52,7,68,80,326,46,0,26,43,80,265,160,181,4,322,267,266,52,46,203,269,327,46,328,329,267,203,330,36,20,7,320,85,7,149,323,266,1
272,203,273,165,4,331,27,194,195,178,267,270,271,259,314,332,333,334,55,6,267,266,178,4,335,336,26,28,6,26,337,6,7,149,25,27,46,231,28,10,85,164,6,27,34,41,338,10,229,7,333,339,41,231,46,228,10,82,340,83,84,6,22,260,52,48,68,6,341,6,22,342,99,118,148,297,118,6,34,341,36,193,176,343,333,334,6,22,193,344,27,22,317,315,6,22,345,346,347,6,348
319,349,6,22,350,7,351,52,1,196,4,352,0,1,220,166,1,353,80,96,36,354,319,278,6,48,149,229,26,355,52,1,196,4,0,26,43,52,26,66,80,265,6,7,196,4,356,278,6,20,85,147,248,122,267,6,34,20,155,357,332,351,0,1,220,6,155,358,202,155,359,317,309,354,155,360,6,34,20,361,181,163,83,362,158,27,267,317,122,153,267,52,184,231,363,52,364,155,163,263,27
267,270,203,269,365,36,20,278,7,149,46,267,366,360,158,153,46,181,360,52,184,231,158,6,155,156,363,6,7,196,4,20,85,7,149,170,160,191,27,267,367,153,6,7,149,20,7,320,181,360,368,6,155,156,363,36,20,7,196,4,85,46,320,369,267,191,367,153,259,122,267,370,49,132,26,128,6,49,132,26,131,80,199,14,332,371,266,267,372,6,215,266,267,269,132,7,89,373,219,6,155
276,374,375,31,163,6,31,244,149,6,31,332,72,6,31,118,72,376,276,163,1,377,378,6,267,266,26,7,379,378,380,52,1,146,85,7,149,20,34,155,276,173,381,332,382,383,384,385,297,382,266,267,386,387,6,85,332,148,276,332,388,48,6,34,276,141,163,95,140,6,85,278,20,34,369,267,389,153,69,7,351,384,149,6,52,184,231,363,390,155,163,263,121,267,266,270,203,269,259,22,26
226,82,391,370,6,297,382,266,267,270,269,132,7,89,373,219,99,276,26,163,392,6,393,106,6,267,266,26,63,80,199,269,0,26,394,373,395,266,267,396,269,397,267,85,7,8,398,369,267,399,301,122,202,267,122,215,6,267,266,85,215,400,401,32,278,1,242,402,149,403,186,22,41,311,404,405,160,6,7,196,4,29,229,278,6,48,149,406,52,407,6,408,102,176,166,36,20,7,196,4,154
7,146,160,409,178,410,41,336,26,28,6,26,337,9,92,27,34,48,411,203,412,6,413,99,52,1,231,80,219,6,414,6,415,0,416,259,417,147,7,196,4,211,1,220,52,222,82,1,207,83,208,418,34,301,10,6,34,419,1,146,211,6,101,420,223,26,224,80,265,52,222,6,41,421,422,423,424,27,319,425,82,83,262,1,426,52,1,231,80,219,6,278,427,403,48,428,6,22,24,429,6
430,431,6,20,155,156,41,148,52,1,196,432,6,22,433,75,83,387,48,434,435,6,435,24,41,436,6,431,24,41,437,6,26,438,194,439,52,440,89,27,431,52,7,68,80,441,1,196,442,74,6,435,74,99,52,7,443,402,444,6,52,176,445,6,7,196,25,435,6,48,442,166,165,431,6,48,442,25,34,203,166,36,446,431,173,6,48,355,447,6,7,196,20,85,431,448,122,267,449,6,448
160,332,355,450,160,78,203,451,267,452,453,6,259,267,203,452,7,454,455,166,7,456,48,388,160,457,85,163,6,267,266,141,147,103,6,431,458,297,48,434,435,6,26,438,178,22,0,26,459,315,27,431,223,48,434,435,460,6,461,147,272,6,7,196,20,85,431,248,160,435,332,434,6,34,20,155,331,26,203,359,155,462,463,464,6,34,20,170,153,267,367,21,160,41,351,80,465,52,332,434,27
85,360,466,52,1,207,6,9,122,267,370,52,1,207,46,48,467,181,468,82,373,463,469,52,332,411,83,470,178,267,1,207,208,266,34,276,163,48,471,203,472,91,267,266,473,6,474,48,14,8,6,431,20,85,1,196,304,475,160,476,92,27,22,477,58,478,267,153,360,479,480,52,1,207,6,155,276,229,332,355,481,48,6,155,276,473,6,474,48,14,7,8,6,26,276,482,27,132,361,360,483
360,276,484,485,7,196,20,85,147,309,132,361,431,486,276,487,488,55,6,7,196,101,41,489,166,431,329,147,203,490,132,361,147,286,6,431,491,211,52,26,355,80,492,6,34,493,0,26,245,494,194,224,52,222,6,431,427,48,428,6,22,24,495,6,430,496,6,34,299,41,497,6,32,1,242,498,497,69,1,242,499,500,496,6,166,496,24,501,502,6,501,503,504,6,504,503,505,6,505,503,506
6,506,260,319,93,507,7,242,52,7,40,10,508,6,7,242,52,7,509,510,6,508,430,511,244,160,38,41,310,512,46,513,514,6,128,515,6,7,242,499,463,10,516,244,10,7,310,52,197,46,517,6,518,519,6,510,430,99,520,431,41,521,52,197,522,0,523,6,524,6,7,525,52,520,431,10,526,6,506,20,85,48,507,508,6,510,527,304,351,267,507,52,506,528,529,530,304,531,532,155,461
533,41,148,272,82,304,534,6,41,535,82,304,536,202,431,276,487,488,55,165,506,537,538,6,278,427,539,48,428,6,22,430,41,540,6,22,32,48,242,541,202,4,181,360,458,22,41,542,72,543,229,435,202,431,181,147,544,6,187,541,24,99,41,540,502,6,34,32,48,242,545,36,546,306,1,242,80,492,166,83,547,191,160,26,548,52,549,550,194,195,178,4,1,146,3,29,34,147,69,7,139
17,148,6,149,3,34,150,6,120,102,6,32,176,242,146,194,195,178,22,188,193,6,278,551,552,6,553,90,6,503,41,540,69,48,139,69,48,554,6,32,48,242,541,6,549,89,555,34,541,556,172,48,38,557,90,6,34,503,558,6,559,259,315,132,7,89,52,278,46,34,551,560,90,6,553,90,6,34,561,6,541,551,552,6,562,90,6,34,503,545,6,541,551,555,34,545,556,172,557,6,563
90,6,34,503,558,6,559,259,315,132,7,89,52,541,560,6,564,90,6,34,561,6,545,551,565,90,6,34,503,566,6,545,551,555,34,566,556,172,557,6,567,90,6,34,503,558,6,559,259,315,132,7,89,52,545,560,6,562,90,6,34,561,6,566,551,568,90,6,34,503,569,570,6,566,551,555,34,569,570,556,172,557,6,571,90,6,34,503,558,6,559,259,315,132,7,89,52,566,560,6,572
90,6,34,561,6,569,570,551,562,6,573,90,6,34,503,574,6,569,570,551,555,34,574,556,172,557,6,553,90,6,34,503,558,6,559,259,315,132,7,89,52,569,570,557,562,6,565,90,6,34,561,6,574,551,552,93,6,573,90,6,34,503,496,6,574,551,555,34,496,556,172,557,90,6,34,503,558,6,559,259,315,132,7,89,52,574,560,93,6,573,90,6,34,561,6,496,551,562,6,573,90
6,34,503,575,6,496,576,297,4,555,34,575,556,172,577,90,6,34,503,558,6,559,259,315,132,7,89,52,496,577,562,6,573,90,496,92,576,297,4,6,34,10,203,472,202,4,260,147,426,6,575,551,552,563,6,578,90,6,34,503,506,6,575,551,555,34,506,556,172,579,93,6,578,90,6,34,503,558,6,559,259,315,132,7,89,52,575,560,580,6,573,90,6,34,561,6,506,551,552,93,6
578,90,6,34,503,41,540,6,34,32,48,242,581,121,244,276,135,582,141,135,180,6,141,7,382,410,583,584,26,226,27,7,196,370,181,6,506,551,555,34,581,556,172,585,562,6,565,90,6,34,503,558,6,559,259,315,132,7,89,52,506,579,563,6,568,90,6,34,561,6,581,10,585,90,586,6,581,503,587,588,6,589,6,26,438,178,7,136,14,1,207,590,83,381,6,176,591,502,193,27,17
558,7,559,44,136,592,27,22,593,315,6,22,285,319,507,211,197,46,22,594,515,36,20,7,196,304,16,276,203,0,416,595,297,1,146,369,34,99,298,160,485,48,89,314,48,552,6,596,90,0,46,89,315,78,597,14,7,8,6,99,598,178,17,558,85,7,559,44,136,599,315,6,319,386,556,515,244,48,7,600,46,52,601,38,48,602,52,603,6,7,196,25,27,7,604,80,136,605,10,14,7
8,6,132,26,606,44,607,499,608,83,197,195,609,610,10,36,611,26,1,196,27,34,1,146,14,7,8,171,172,6,26,612,147,166,48,613,6,7,196,20,155,276,1,146,184,155,188,156,614,52,1,207,52,1,146,85,26,128,85,26,129,131,6,85,26,110,80,81,296,202,26,615,360,27,155,150,171,156,165,581,286,616,0,7,333,80,492,581,617,7,618,191,48,7,192,52,581,581,10,41,619
620,148,0,48,621,581,576,297,4,6,581,503,622,558,587,588,6,589,165,7,8,10,623,229,17,355,6,7,8,10,624,297,625,36,25,4,7,8,6,154,22,10,623,202,132,26,298,172,48,426,623,14,7,8,309,20,4,85,581,26,439,52,113,298,160,229,304,355,626,202,7,8,160,627,150,624,297,625,6,478,155,276,150,297,7,8,628,629,163,41,618,52,630,297,631,266,267,244,618,84,6
267,266,46,632,52,633,6,52,634,297,635,6,636,160,26,27,267,118,84,266,577,637,22,7,638,44,618,639,637,118,640,6,553,637,118,641,267,266,41,642,166,7,618,84,6,266,118,189,85,41,643,52,49,6,7,456,44,618,266,267,0,118,644,375,267,266,102,297,645,51,6,77,646,84,202,155,478,155,647,41,648,141,7,8,82,113,298,168,41,16,80,219,160,52,47,1,5,83,628,132,170
14,7,8,160,276,1,16,91,165,297,163,276,155,304,649,650,6,267,266,0,7,618,372,267,6,332,558,6,332,428,6,7,507,384,558,297,163,6,267,266,52,132,170,651,52,113,298,93,52,652,204,0,7,618,653,82,297,163,0,26,654,83,655,656,6,657,314,22,48,52,26,110,69,48,70,6,52,26,128,69,48,70,52,132,26,129,131,80,133,69,48,70,93,52,652,314,85,163,653,82,46
0,26,654,83,655,6,267,658,229,163,52,113,164,46,363,659,6,660,102,85,163,329,22,163,6,176,85,164,22,6,581,288,26,69,132,170,4,147,661,172,259,288,34,598,20,7,196,85,581,662,267,6,332,159,663,0,7,618,202,163,156,155,57,619,229,304,355,0,191,550,52,113,664,128,266,267,85,163,665,563,6,563,26,656,6,48,657,165,52,26,128,27,203,664,160,93,26,656,6,48,657
99,52,26,110,80,81,563,6,563,26,656,6,26,657,82,72,666,83,667,14,7,159,8,202,141,668,563,89,276,155,204,205,14,7,8,571,89,6,571,669,6,155,276,52,1,207,614,132,170,670,27,155,171,156,6,581,288,69,132,170,7,196,147,661,172,581,9,10,671,90,586,178,7,672,44,19,14,7,8,10,259,491,581,6,48,558,6,48,428,6,7,507,402,558,297,147,0,7,618,584,7
19,80,673,52,26,674,128,6,52,26,128,27,203,664,10,6,52,26,110,6,132,170,14,1,207,145,675,78,93,6,93,85,581,0,7,618,26,656,6,26,657,676,178,4,581,661,172,6,26,438,677,46,563,89,27,7,19,80,673,14,7,8,315,0,26,678,679,80,219,52,581,0,7,51,680,14,1,681,33,44,680,14,237,682,33,48,113,683,80,684,685,686,6,7,687,80,81,334,6,41,688
10,14,7,8,571,89,6,571,669,689,14,690,33,491,581,6,587,6,588,6,589,691,558,692,99,691,428,6,7,622,507,402,558,297,147,0,7,618,22,6,132,26,131,69,48,70,6,132,26,128,69,48,70,6,132,26,129,131,27,14,7,8,145,69,48,70,6,132,26,110,69,48,70,113,693,52,694,695,6,52,113,298,168,41,16,80,219,10,675,78,93,6,93,85,581,0,7,618,6,46,78
675,46,675,656,6,657,52,113,298,676,178,147,4,696,172,6,7,196,294,697,147,296,6,46,672,10,571,89,14,7,8,6,7,19,698,6,699,7,618,14,700,22,701,49,7,8,6,7,19,285,7,702,6,698,173,14,7,8,6,7,618,491,14,7,19,6,7,19,285,703,173,7,702,14,7,8,700,113,704,705,46,47,1,213,5,48,706,193,567,637,707,285,7,19,7,702,6,7,705,193,706
6,113,298,27,319,14,7,8,708,342,1,16,52,26,110,6,52,26,128,6,52,26,130,131,6,52,132,26,129,131,27,14,7,8,709,6,113,146,132,170,41,218,80,710,80,219,0,48,216,172,52,711,170,14,26,56,10,160,712,50,24,713,132,170,714,27,14,1,207,10,52,1,146,166,85,26,128,85,26,129,131,6,85,26,110,80,81,6,22,193,713,52,7,8,485,581,275,715,141,6,170
297,147,0,7,618,10,6,7,19,515,7,702,49,7,8,552,6,639,89,6,4,716,166,581,6,166,132,26,131,6,166,132,26,128,27,297,147,0,7,618,10,6,4,288,41,353,141,7,8,717,6,7,19,193,718,99,193,7,683,80,685,6,7,687,80,81,719,6,7,688,52,1,5,24,720,721,722,7,19,723,52,49,7,8,724,6,723,725,6,7,19,285,726,194,439,52,552,6,639,89,6
7,618,727,0,7,728,680,14,1,681,33,44,680,14,7,705,52,729,6,7,19,315,256,6,730,85,7,731,680,0,7,731,680,14,1,732,44,680,193,7,733,44,705,57,6,26,438,194,439,52,571,89,27,581,26,642,44,618,46,34,171,172,734,6,34,735,41,736,211,46,737,724,6,723,491,397,7,19,52,49,7,8,738,315,598,735,34,41,739,52,319,211,82,83,279,740,7,19,741,315,52
49,1,207,165,7,739,286,206,742,229,26,743,52,118,744,259,745,22,723,85,147,0,7,618,202,7,19,315,14,7,159,8,6,34,746,48,411,211,6,260,118,6,74,118,85,319,0,7,618,6,34,747,668,563,509,89,36,735,34,7,739,539,211,7,618,6,7,739,748,85,147,223,1,749,6,154,41,750,751,10,0,118,752,259,753,581,27,7,19,52,49,7,8,741,315,36,754,34,668,563,509
89,6,34,735,7,739,211,165,22,745,203,472,723,85,147,6,26,438,0,26,671,6,40,679,0,7,40,680,14,1,732,295,680,27,7,19,755,52,49,7,8,36,288,581,26,756,44,618,726,6,25,296,6,154,7,207,10,757,6,0,7,51,680,14,1,563,6,758,33,44,680,10,7,8,759,36,458,4,85,581,121,662,211,7,618,267,6,332,428,6,332,558,6,7,507,384,558,297,163,132,26
131,27,297,163,160,52,113,298,166,110,6,166,128,6,166,132,26,129,131,27,14,7,8,145,760,297,163,761,6,27,22,105,762,14,7,8,6,65,48,6,381,14,7,8,36,491,581,211,6,48,558,6,48,428,6,7,507,402,558,297,147,132,26,131,132,26,167,6,132,26,110,132,170,319,14,7,8,763,69,176,621,764,211,7,618,442,52,581,6,581,299,1,196,41,765,6,34,260,52,132,26
674,128,6,52,132,26,664,110,6,766,767,14,27,765,6,7,196,768,184,769,770,6,7,196,20,0,48,613,155,276,771,1,207,203,472,772,82,80,136,773,202,26,606,52,774,136,613,160,610,52,48,775,166,6,155,276,771,203,472,132,26,108,776,676,178,155,367,156,771,132,7,89,44,8,314,777,6,778,6,779,6,780,6,781,6,782,6,33,6,35,203,783,6,4,120,581,6,48,558,6,34
20,85,150,122,65,6,123,6,124,7,8,6,332,784,6,332,785,22,141,132,26,131,44,8,6,141,132,26,110,80,81,0,132,170,319,14,1,207,763,6,0,113,142,44,143,22,48,0,332,411,786,132,170,319,763,27,666,160,22,163,85,164,155,156,26,163,132,158,676,26,169,63,485,26,298,297,48,115,27,160,48,469,266,267,203,269,6,532,155,276,332,469,26,469,384,109,787,52,7,411,52
113,131,276,155,26,787,99,52,7,411,80,136,52,7,411,423,788,499,463,276,155,7,115,80,136,787,361,80,136,469,789,48,469,276,627,1,146,790,55,202,4,181,1,146,69,48,137,171,165,323,151,65,6,123,791,105,75,14,7,8,6,123,14,792,401,20,4,85,581,6,85,48,558,297,147,121,165,155,154,155,793,304,649,14,297,163,6,297,332,72,677,163,6,297,113,108,115,46,297,163,160
52,26,110,52,26,128,6,52,113,131,44,8,297,163,52,197,46,211,7,618,794,48,85,132,26,131,44,8,296,6,155,793,304,649,14,297,163,27,203,472,113,298,627,7,19,80,673,276,55,795,6,27,78,206,672,472,276,48,82,7,8,83,628,6,4,20,191,160,26,489,80,796,27,155,797,31,360,6,31,157,6,31,113,108,115,46,297,163,160,85,798,621,304,799,156,155,158,0,7,800,46
276,48,85,41,489,80,796,31,360,6,31,7,8,6,26,276,482,178,155,800,141,7,8,127,27,244,799,276,57,55,0,7,800,92,276,155,801,166,304,649,161,160,31,360,6,31,163,6,31,113,108,115,52,113,298,6,7,19,314,203,472,335,85,41,672,82,113,298,83,628,178,244,799,0,7,800,276,48,259,276,155,147,802,82,83,801,166,26,803,649,31,4,6,31,113,108,115,52,113,298,27
14,7,8,160,259,20,92,4,85,581,191,160,26,489,80,796,27,155,804,156,31,360,6,31,113,298,27,14,7,8,160,7,558,52,581,6,7,558,52,581,46,211,7,618,764,315,587,6,588,6,589,6,588,160,7,310,52,805,244,622,315,7,558,52,581,6,52,237,160,7,159,8,806,6,581,546,41,807,83,48,6,34,808,41,809,6,34,810,52,184,811,6,24,812,6,34,813,319,0,26,43
402,814,6,588,815,310,25,499,816,817,6,34,342,26,48,316,818,21,634,83,362,36,285,587,6,589,41,819,6,22,820,26,14,176,343,821,6,764,822,6,823,7,817,824,816,6,176,825,315,822,826,700,22,7,817,824,816,203,827,6,581,828,52,48,811,6,34,753,170,48,829,540,147,367,172,6,34,20,370,22,805,41,830,44,831,22,34,48,818,401,20,34,183,22,7,196,7,4,52,587,6
805,22,147,41,830,4,832,589,211,6,34,833,0,834,513,6,805,22,147,41,830,6,581,551,677,1,672,577,6,639,90,259,315,132,7,89,52,581,560,6,639,90,6,34,561,191,9,48,7,192,52,691,558,587,588,6,589,6,176,193,558,502,677,1,672,7,558,52,589,48,835,6,836,6,837,6,838,6,520,6,839,6,840,6,7,558,52,835,48,841,6,842,6,843,6,7,558,52,838,48,844
6,845,7,846,6,847,52,237,48,239,7,848,44,849,0,176,850,652,69,48,851,69,176,852,47,176,849,6,7,558,52,588,48,254,6,853,6,854,6,805,6,7,558,52,254,48,855,6,246,6,856,6,857,6,858,6,7,558,52,857,48,859,6,860,6,254,503,861,244,546,862,83,48,14,7,8,34,10,41,862,863,229,26,355,80,492,309,659,322,676,861,41,862,863,229,26,355,80,492,6,26
864,499,865,10,866,6,867,6,868,6,869,0,26,245,870,211,871,245,160,257,872,6,181,873,874,6,875,876,6,877,6,878,31,874,6,31,877,244,160,46,94,497,6,853,503,7,879,6,7,880,6,7,881,6,7,882,6,7,883,6,7,884,52,248,7,885,886,48,6,7,887,6,805,503,888,48,889,6,890,6,1,891,6,1,892,6,1,893,6,1,894,6,1,895,6,1,896,6,1,897,6
1,898,6,1,899,6,598,48,7,852,44,900,901,6,7,902,44,900,10,52,888,21,267,903,69,904,85,905,296,21,267,903,69,906,6,907,6,908,6,909,85,910,296,244,48,558,52,588,69,176,852,69,176,911,0,176,850,0,176,849,401,48,587,558,502,792,160,99,7,310,404,558,52,912,434,52,589,1,913,834,558,315,914,6,257,6,915,6,916,6,917,6,918,558,315,919,6,920,6,921,6
922,6,915,503,923,6,923,503,912,6,912,193,93,558,502,80,924,242,10,925,202,0,48,89,160,7,8,239,6,499,463,242,10,926,6,926,503,927,6,928,6,929,6,930,6,931,6,932,6,933,6,934,6,935,6,859,6,936,6,246,6,937,244,197,315,558,52,926,6,176,938,10,52,939,726,21,267,903,69,940,26,941,52,26,224,244,48,558,52,587,69,176,852,69,176,911,0,176,850,69,176
849,244,48,7,852,44,558,52,581,69,176,192,0,176,849,6,52,237,48,7,849,14,7,8,239,677,1,672,6,7,159,8,10,52,942,851,6,942,943,165,26,438,178,22,223,26,224,944,27,22,41,945,946,0,26,245,870,6,22,947,225,6,22,948,41,949,85,48,950,951,166,134,135,952,953,6,533,954,6,7,955,10,176,229,251,6,26,956,10,176,229,957,6,22,948,951,166,134,135,229,135
41,497,208,6,41,958,71,959,0,1,5,22,6,134,135,41,242,229,135,84,329,325,203,960,141,7,159,8,961,55,36,748,7,196,962,82,83,963,7,497,6,1,958,46,7,386,44,136,964,6,7,196,20,154,22,48,942,965,6,140,197,942,851,6,191,160,26,27,22,966,83,84,165,9,283,176,203,967,55,132,170,22,968,140,83,84,951,166,134,135,969,6,134,135,176,851,225,970,329,971,7
851,499,972,203,973,50,974,150,7,196,52,21,141,7,159,8,6,22,975,14,7,497,83,208,309,32,306,118,242,866,202,225,976,7,196,7,851,44,159,8,6,52,21,974,150,7,196,141,7,159,8,977,52,587,244,48,7,192,52,587,587,10,552,90,586,6,503,915,93,90,677,1,672,6,587,551,555,34,915,556,172,585,90,6,34,503,558,6,559,6,915,551,562,6,553,90,6,34,503,923,6
915,551,555,34,923,556,172,978,6,622,90,6,34,503,558,6,559,6,923,551,553,90,6,34,503,912,6,923,551,555,34,912,556,172,978,6,622,90,6,34,503,558,6,559,6,912,551,240,6,553,90,6,503,925,6,912,551,555,34,925,556,172,978,6,553,90,6,34,503,558,6,559,6,925,551,553,90,6,34,503,979,6,925,551,555,34,979,556,172,980,6,580,90,6,34,503,558,6,559,6,979
551,93,6,553,90,6,34,503,981,6,979,551,555,34,981,556,172,980,6,563,90,6,34,503,558,6,559,6,981,551,553,90,6,503,982,6,981,551,555,34,982,556,172,980,90,6,34,503,558,6,559,6,982,551,580,6,596,90,6,503,983,6,982,551,555,34,983,556,172,552,6,984,90,6,34,503,558,6,559,977,52,983,6,983,551,568,90,6,503,985,982,6,986,6,244,48,7,192,52,983,983
503,985,982,6,986,6,986,503,987,6,986,561,229,26,355,499,816,983,0,26,245,402,988,0,989,44,990,6,985,6,982,285,319,507,7,242,52,991,428,10,992,6,7,242,52,993,428,10,994,41,995,52,986,310,52,994,6,310,52,996,6,992,10,997,22,172,206,998,6,983,260,985,48,540,6,987,999,540,499,500,540,6,992,48,1000,7,428,52,48,540,985,6,22,944,297,150,211,989,44,990,82
83,372,69,26,245,805,6,22,675,85,986,6,947,225,6,7,89,52,983,315,980,6,562,90,6,983,561,83,986,7,196,9,172,85,985,322,662,267,211,332,245,6,211,332,1001,6,211,373,816,663,69,26,245,27,155,163,1002,276,6,155,276,163,85,41,1003,965,84,6,163,1004,6,332,242,1003,84,6,1005,41,1006,6,155,276,1004,46,163,1004,6,772,46,163,1007,6,0,163,314,113,621,80,1008,183,55
6,985,408,724,676,7,196,85,147,274,172,6,987,408,297,147,6,985,10,562,6,568,90,586,36,34,211,986,491,1009,0,1010,6,985,260,992,48,428,6,987,499,463,540,6,132,176,1011,46,22,1012,515,6,7,109,46,22,432,515,0,986,6,22,944,211,82,83,372,69,26,245,805,6,22,675,0,26,245,805,6,985,160,1013,0,27,245,85,166,7,53,1014,85,166,26,1015,1016,6,7,900,315,36,529
1017,0,27,245,259,1018,7,196,166,985,6,20,166,332,72,276,155,191,245,91,36,299,34,225,41,765,1,196,46,147,1019,10,6,34,1020,14,52,21,69,26,941,223,26,224,52,1021,570,6,34,461,48,814,14,1022,1021,570,223,26,1023,6,1024,223,26,224,6,34,299,21,1,196,41,765,6,356,1,242,80,492,166,598,1025,985,256,6,1026,69,26,1027,6,78,10,1028,0,27,245,259,408,985,726,69,1029
82,21,178,41,1030,83,1031,369,7,1028,1032,10,0,27,245,6,26,438,178,34,1033,82,0,1029,83,653,27,34,20,85,992,48,428,478,457,155,331,27,267,41,149,122,593,52,355,6,26,276,482,178,163,7,1034,314,279,259,314,22,1035,27,160,48,428,6,22,314,360,1036,6,163,0,26,654,655,1037,457,267,122,304,525,329,26,360,533,662,82,163,6,304,115,82,391,415,0,1029,6,26,438,178,985,0
1029,748,27,7,1034,244,149,827,27,22,173,593,10,99,827,118,7,1038,52,1039,6,1040,118,366,1039,6,46,149,24,1041,69,26,663,52,1039,6,34,288,985,28,82,1042,700,34,172,444,6,1043,6,1044,6,831,6,1045,6,1046,6,1047,165,7,196,1048,1039,297,94,1049,99,48,663,529,1050,52,992,991,428,36,356,1039,985,6,20,170,160,191,27,267,360,367,153,448,153,267,360,203,83,362,158,27,22,332,428
160,448,153,267,322,22,160,304,525,700,155,118,360,85,41,149,283,301,140,6,9,478,21,160,332,428,658,118,6,662,1051,6,1039,263,48,602,584,147,6,22,1052,147,6,48,428,6,711,170,34,172,50,408,985,14,211,1029,69,26,1027,34,6,48,428,6,132,170,34,172,6,987,297,147,6,985,10,173,1053,0,128,0,1054,6,0,249,6,34,491,1055,48,1056,52,26,1027,85,1021,570,296,85,166,7,53
248,48,814,0,26,1057,38,10,31,1021,570,6,31,1024,85,7,53,80,1058,27,34,0,26,1059,21,171,172,6,985,181,225,1,242,80,492,1060,6,987,46,297,985,408,172,99,444,6,1043,6,513,6,27,245,1061,150,203,82,347,83,1062,202,176,1011,10,1063,700,22,347,203,1064,1062,6,78,10,1065,31,7,1066,52,991,128,6,31,7,1066,52,1067,128,99,947,36,7,900,6,1068,0,27,245,6,985,20,85
987,134,457,206,1069,48,31,360,6,31,163,6,31,304,1066,6,31,332,1066,202,325,48,602,463,160,203,26,159,245,229,332,355,1070,163,457,52,360,259,267,7,1071,1072,259,276,155,529,1073,372,6,259,267,7,1073,259,276,155,529,1071,372,6,987,1074,48,333,14,6,34,25,7,159,1075,44,1076,27,22,46,1077,212,200,7,196,906,6,907,623,172,10,22,178,7,220,80,492,178,1078,178,267,1079,83,1080,259
1081,987,229,319,7,159,1075,44,1076,6,987,1082,223,26,224,6,22,193,1083,7,41,52,1,542,985,92,493,0,26,245,805,6,987,493,0,7,1084,44,1075,6,461,513,85,166,906,296,6,7,602,52,906,315,610,6,94,1085,223,1,196,6,7,196,20,85,985,555,987,52,147,1083,10,1086,332,333,14,6,478,52,7,53,248,267,122,1087,6,1088,6,1089,6,1090,202,132,191,245,27,267,154,276,155,163,91
6,166,332,72,85,0,416,6,155,276,332,72,1091,178,26,215,44,8,700,451,1092,26,215,44,8,276,1093,1094,276,99,332,72,1095,55,629,163,14,1096,627,191,245,0,48,638,6,0,48,640,202,155,276,26,163,91,6,985,461,513,14,6,748,6,493,166,7,1097,52,1098,46,366,1099,48,6,34,299,225,1,196,41,765,6,26,438,0,7,89,52,1100,1,1101,52,870,52,1102,1,1101,52,1103,52,1104,1105
1,1101,52,914,6,52,1106,1,1101,44,849,27,22,1107,1108,297,1109,1101,52,906,6,297,1110,1101,52,907,1111,1101,52,908,6,1112,1101,52,1113,6,1,1101,52,1114,27,160,1080,244,197,1115,319,347,0,26,1116,1117,27,160,7,1118,564,90,515,22,1104,1105,1119,165,0,26,1120,679,1121,22,726,259,748,1104,1105,0,26,1122,679,6,7,1123,46,297,147,315,6,1124,7,1125,0,1126,1127,6,7,1128,0,1129,6,7,1130
0,1131,1132,6,7,1133,14,176,941,1134,85,166,26,1135,459,52,1136,161,166,7,1137,160,598,722,22,539,6,675,85,6,1138,27,160,1139,6,1124,132,26,245,44,1140,6,99,1,892,46,83,1141,1142,493,36,408,7,1101,52,906,211,6,7,1101,52,907,6,7,1101,52,908,6,7,1101,52,1113,6,7,1101,52,1114,27,160,1080,6,22,1143,223,150,1144,0,26,1116,1117,223,1104,1105,1,1101,52,914,6,1106,1,1101
44,849,6,1100,1,1101,52,870,6,1102,1,1101,52,1103,240,1123,223,562,26,1116,9,52,1117,10,1145,1146,6,7,1123,52,906,6,907,1147,6,1121,225,6,7,1148,1147,69,26,941,6,22,285,132,7,1011,52,906,6,907,6,132,176,164,6,1149,426,99,285,22,987,1,540,52,991,434,6,48,1011,6,1149,426,202,34,493,0,906,36,748,78,41,46,1150,10,6,1151,26,166,985,1,1152,46,1153,10,166,7,1097
52,1098,1,892,434,52,1154,6,434,52,1155,116,991,1156,315,178,985,357,27,48,434,1157,10,259,1158,34,48,1159,7,1160,52,48,663,577,6,1161,6,34,1162,150,677,85,92,296,6,34,1163,319,223,150,80,98,34,6,48,831,6,461,102,6,34,1162,150,677,85,1164,296,161,160,529,1071,52,1165,6,34,74,113,1011,723,6,99,987,48,434,6,1166,1011,74,34,723,178,99,7,507,6,26,965,6,7,1101,52
906,408,211,147,1167,555,34,1168,10,52,26,776,52,1104,1105,6,52,7,1123,46,297,147,315,85,26,1116,1131,27,160,26,1116,80,1169,985,6,1170,6,1171,1101,52,1172,74,75,396,6,811,6,34,10,41,1173,80,1174,17,6,34,120,147,6,20,183,22,985,1175,7,1176,46,5,6,8,1177,6,183,22,7,1176,4,46,332,1178,0,332,411,1179,181,6,34,342,147,7,731,52,711,6,7,1101,52,906,20,85,985
797,360,7,109,165,658,7,1011,229,163,485,985,20,85,1,1101,52,906,155,156,304,411,1180,85,1,196,1,1174,4,46,5,6,8,1177,259,155,52,41,1181,166,85,41,1182,296,339,259,155,52,711,27,26,1183,160,1184,413,329,267,203,1185,155,156,985,1053,171,26,22,634,360,275,170,7,1186,1187,140,6,26,1188,1189,602,46,297,360,1190,48,1155,1154,6,1098,134,46,176,1188,665,1191
